0	101.26
5	97.31
14	94.18
27	87.64
64	80.01
90	51.68
91	25.71
108	16.03
238	18.9
260	14.83
303	13.22
388	12.69
418	12
401	8.24
316	7.17
441	11.16
533	10.19
544	9.9
614	9.5
509	10
363	7.4
282	6.76
368	8.5
387	8
309	8
278	7.5
347	7.7
174	6.55
155	5.6
269	9
236	9.9
260	10.8
274	10.3
201	7
187	7.8
174	6.2
122	8.8
324	9.4
350	10
378	9.4
363	9.4
122	6.8
160	6.1
235	10.6
247	9.9
171	10.3
219	10.2
239	10.3
104	7.4
122	7
66	11.8
103	11.6
94	11.8
80	12.6
48	8.7
38	9.3
20	8.9
54	15.1
66	15
84	15
52	15.2
55	15
61	12.7
23	9.9
37	11.9
72	17.6
86	17.6
68	17.6
70	17.7
15	13.1
3	20.6
53	20.6
90	20.4
95	20.2
103	19.7
144	20.1
12	19
9	16.2
69	26.3
73	25.3
81	25.2
35	25.3
61	25.6
12	26.6
5	24.7
5	30.8
25	29
34	30.6
47	30.6
44	31.2
3	29.8
4	23.2
16	33.1
22	34
30	35.4
20	35.5
43	36.7
1	38.8
8	35.3
8	39.6
15	38.8
15	39.5
17	40.6
21	41.4
5	41.3
3	32.6
