475.42,	6
489.98,	11
377.94,	25
365.27,	52
403.46,	116
243.46,	206
116.67,	297
71.66	,405
78.59	,643
63.62	,903
56.46	,1206
53.88	,1594
52.55	,2012
36.93	,2413
31.09	,2729
46.02	,3170
43	,3703
41.07,	4246
38.86,	4860
40.52	,5369
31.51	,5732
28.68	,6014
32.69	,6384
31.19	,6772
28.64	,7081
26.94	,7358
27.31	,7705
24.85	,7879
22.83	,8034
31.03	,8304
33.12	,8540
35.7	,8800
39.51	,9073
29.73	,9274
33.81	,9461
27.85	,9635
38.37	,9757
39.23	,10081
39.47	,10431
39.12	,10809
39.78	,11172
31.22,	11294
25.93	,11454
41.72	,11689
40.38	,11934
41.61	,12105
40.8	,12324
43.95	,12562
33.16	,12666
30.63	,12788
46.98	,12853
46	,12956
47.69,	13048
51.01,	13127
35.06,	13175
38.82,	13213
34.97,	13233
61.92,	13287
62.3,	13353
63.7,	13437
65.19,	13489
67.04,	13544
53.97,	13605
48.21,	13628
69.93,	13665
75.58,	13736
76,	13822
75.79,	13890
81.82	,13961
60.59	,13976
63.31	,13979
88.81	,14032
88.55	,14122
91.49	,14217
89.67	,14320
94.12	,14464
85.81,	14476
68.18,	14485
115.23,	14554
114.57,	14627
118.17,	14708
116.46,	14743
118.54,	14804
119.7	,14816
109.08,	14821
150.82,	14826
136.5	,14851
139.24,	14885
137.28,	14932
146.61,	14976
149.91,	14979
112.67,	14983
158.92,	14999
164.41,	15021
164.07,	15051
169.64,	15071
181.08,	15114
210.65,	15115
184	,15123
191.17,	15131
182.9,15146
194.13,	15161
191.04	,15178
206.65	,15199
234.98	,15204
208.93	,15207
